Cycle	Time	Value
     1	      19	0.0
     2	      68	0.0
     3	     118	0.0
     4	     168	0.0
     5	     219	1.0
     6	     269	0.0
     7	     319	0.0
     8	     368	0.0
     9	     419	0.0
    10	     468	0.0
    11	     519	0.0
    12	     569	0.0
    13	     619	0.0
    14	     668	0.0
    15	     719	0.0
    16	     768	0.0
    17	     819	0.0
    18	     868	0.0
    19	     918	0.0
    20	     968	0.0
    21	    1018	0.0
    22	    1073	0.0
    23	    1119	0.0
    24	    1168	0.0
    25	    1233	0.0
    26	    1268	0.0
    27	    1318	0.0
    28	    1368	0.0
    29	    1419	0.0
    30	    1469	0.0
    31	    1519	0.0
    32	    1570	0.0
    33	    1622	0.0
    34	    1671	0.0
    35	    1719	0.0
    36	    1768	0.0
    37	    1819	0.0
    38	    1868	0.0
    39	    1918	0.0
    40	    1969	0.0
    41	    2019	0.0
    42	    2071	0.0
    43	    2119	0.0
    44	    2169	0.0
    45	    2219	0.0
    46	    2270	0.0
    47	    2318	0.0
    48	    2368	0.0
    49	    2418	0.0
    50	    2468	0.0
    51	    2518	0.0
    52	    2568	0.0
    53	    2618	0.0
    54	    2668	0.0
    55	    2718	0.0
    56	    2768	0.0
    57	    2822	0.0
    58	    2868	0.0
    59	    2921	0.0
    60	    2969	0.0
    61	    3062	0.0
    62	    3073	0.0
    63	    3118	0.0
    64	    3170	0.0
    65	    3221	0.0
    66	    3271	0.0
    67	    3318	0.0
    68	    3368	0.0
    69	    3418	0.0
    70	    3468	0.0
    71	    3518	0.0
    72	    3568	0.0
    73	    3629	0.0
    74	    3668	0.0
    75	    3718	0.0
    76	    3768	0.0
    77	    3818	0.0
    78	    3868	0.0
    79	    3919	0.0
    80	    3968	0.0
    81	    4019	0.0
    82	    4070	0.0
    83	    4120	0.0
    84	    4169	0.0
    85	    4218	0.0
    86	    4269	0.0
    87	    4318	0.0
    88	    4369	0.0
    89	    4419	0.0
    90	    4468	0.0
    91	    4518	0.0
    92	    4568	0.0
    93	    4618	0.0
    94	    4668	0.0
    95	    4720	0.0
    96	    4771	0.0
    97	    4820	0.0
    98	    4871	0.0
    99	    4922	0.0
   100	    4968	0.0
   101	    5019	0.0
   102	    5068	0.0
   103	    5121	0.0
   104	    5170	0.0
   105	    5226	0.0
   106	    5269	0.0
   107	    5318	0.0
   108	    5382	0.0
   109	    5429	0.0
   110	    5475	0.0
   111	    5522	0.0
   112	    5567	0.0
   113	    5618	0.0
   114	    5669	0.0
   115	    5719	0.0
   116	    5768	0.0
   117	    5818	0.0
   118	    5868	0.0
   119	    5934	0.0
   120	    5968	0.0
   121	    6021	0.0
   122	    6069	0.0
   123	    6118	0.0
   124	    6168	0.0
   125	    6219	0.0
   126	    6268	0.0
   127	    6318	0.0
   128	    6369	0.0
   129	    6421	0.0
   130	    6471	0.0
   131	    6520	0.0
   132	    6570	0.0
   133	    6618	0.0
   134	    6668	0.0
   135	    6718	0.0
   136	    6768	0.0
   137	    6820	0.0
   138	    6870	0.0
   139	    6920	0.0
   140	    6973	0.0
   141	    7018	0.0
   142	    7071	0.0
   143	    7124	0.0
   144	    7171	0.0
   145	    7221	0.0
   146	    7275	0.0
   147	    7335	0.0
   148	    7374	0.0
   149	    7421	0.0
   150	    7472	0.0
   151	    7519	0.0
   152	    7572	0.0
   153	    7619	0.0
   154	    7698	0.0
   155	    7731	0.0
   156	    7772	0.0
   157	    7821	0.0
   158	    7874	0.0
   159	    7921	0.0
   160	    7973	0.0
   161	    8025	0.0
   162	    8078	0.0
   163	    8123	0.0
   164	    8172	0.0
   165	    8225	0.0
   166	    8273	0.0
   167	    8321	0.0
   168	    8389	0.0
   169	    8421	0.0
   170	    8478	0.0
   171	    8522	0.0
   172	    8568	0.0
   173	    8621	0.0
   174	    8672	0.0
   175	    8721	0.0
   176	    8768	0.0
   177	    8820	0.0
   178	    8868	0.0
   179	    8918	0.0
   180	    8968	0.0
   181	    9019	0.0
   182	    9071	0.0
   183	    9118	0.0
   184	    9168	1.0
   185	    9222	0.0
   186	    9268	0.0
   187	    9318	0.0
   188	    9368	0.0
   189	    9418	0.0
   190	    9469	0.0
   191	    9517	0.0
   192	    9568	0.0
   193	    9618	0.0
   194	    9672	0.0
   195	    9718	0.0
   196	    9768	0.0
   197	    9819	0.0
   198	    9869	0.0
   199	    9918	0.0
   200	    9968	0.0
   201	   10019	0.0
   202	   10069	0.0
   203	   10119	0.0
   204	   10168	0.0
   205	   10219	0.0
   206	   10269	0.0
   207	   10318	0.0
   208	   10369	0.0
   209	   10418	0.0
   210	   10468	0.0
   211	   10518	0.0
   212	   10568	0.0
   213	   10618	0.0
   214	   10669	0.0
   215	   10719	0.0
   216	   10768	0.0
   217	   10818	0.0
   218	   10869	0.0
   219	   10919	0.0
   220	   10970	0.0
   221	   11020	0.0
   222	   11068	0.0
   223	   11119	0.0
   224	   11169	0.0
   225	   11218	0.0
   226	   11269	0.0
   227	   11318	0.0
   228	   11368	0.0
   229	   11419	0.0
   230	   11468	0.0
   231	   11522	0.0
   232	   11568	1.0
   233	   11629	1.0
   234	   11670	0.0
   235	   11718	0.0
   236	   11768	0.0
   237	   11819	0.0
   238	   11869	0.0
   239	   11918	0.0
   240	   11968	0.0
   241	   12019	0.0
   242	   12068	0.0
   243	   12119	0.0
   244	   12169	0.0
   245	   12218	0.0
   246	   12268	0.0
   247	   12318	0.0
   248	   12369	0.0
   249	   12419	0.0
   250	   12469	0.0
   251	   12518	0.0
   252	   12569	0.0
   253	   12618	0.0
   254	   12669	0.0
   255	   12718	0.0
   256	   12768	0.0
   257	   12818	0.0
   258	   12869	0.0
   259	   12919	0.0
   260	   12968	0.0
   261	   13019	0.0
   262	   13069	0.0
   263	   13119	0.0
   264	   13168	0.0
   265	   13223	0.0
   266	   13269	0.0
   267	   13318	0.0
   268	   13368	0.0
   269	   13418	0.0
   270	   13468	0.0
   271	   13518	0.0
   272	   13576	0.0
   273	   13623	0.0
   274	   13668	0.0
   275	   13718	0.0
   276	   13768	0.0
   277	   13819	0.0
   278	   13869	0.0
   279	   13919	0.0
   280	   13968	0.0
   281	   14020	0.0
   282	   14069	0.0
   283	   14118	0.0
   284	   14168	0.0
   285	   14217	0.0
   286	   14268	0.0
   287	   14318	0.0
   288	   14368	0.0
   289	   14418	0.0
   290	   14468	0.0
   291	   14518	0.0
   292	   14598	0.0
   293	   14640	0.0
   294	   14686	0.0
   295	   14732	0.0
   296	   14778	0.0
   297	   14824	0.0
   298	   14870	0.0
   299	   14918	0.0
   300	   14968	0.0
   301	   15021	0.0
   302	   15069	0.0
   303	   15118	0.0
   304	   15168	0.0
   305	   15218	0.0
   306	   15294	0.0
   307	   15336	0.0
   308	   15384	0.0
   309	   15426	0.0
   310	   15472	0.0
   311	   15521	0.0
   312	   15568	0.0
   313	   15633	0.0
   314	   15669	0.0
   315	   15718	0.0
   316	   15768	0.0
   317	   15818	0.0
   318	   15868	0.0
   319	   15918	0.0
   320	   15968	0.0
   321	   16018	0.0
   322	   16068	0.0
   323	   16118	0.0
   324	   16168	0.0
   325	   16219	0.0
   326	   16269	0.0
   327	   16318	0.0
   328	   16368	0.0
   329	   16419	0.0
   330	   16468	0.0
   331	   16518	0.0
   332	   16584	0.0
   333	   16630	0.0
   334	   16678	0.0
   335	   16722	0.0
   336	   16770	0.0
   337	   16819	0.0
   338	   16886	0.0
   339	   16918	0.0
   340	   16968	0.0
   341	   17018	0.0
   342	   17068	0.0
   343	   17118	0.0
   344	   17168	0.0
   345	   17222	0.0
   346	   17301	0.0
   347	   17318	0.0
   348	   17368	0.0
   349	   17419	0.0
   350	   17469	0.0
   351	   17521	0.0
   352	   17568	0.0
   353	   17618	0.0
   354	   17669	0.0
   355	   17718	0.0
   356	   17768	0.0
   357	   17818	0.0
   358	   17868	0.0
   359	   17918	0.0
   360	   17968	0.0
   361	   18018	0.0
