Cycle	Time	Value
     1	       9	0.0
     2	      60	0.0
     3	     110	0.0
     4	     160	0.0
     5	     210	0.0
     6	     260	0.0
     7	     310	0.0
     8	     360	0.0
     9	     410	0.0
    10	     460	0.0
    11	     510	0.0
    12	     560	0.0
    13	     610	0.0
    14	     660	0.0
    15	     710	0.0
    16	     759	0.0
    17	     809	0.0
    18	     859	0.0
    19	     910	0.0
    20	     961	0.0
    21	    1010	0.0
    22	    1060	0.0
    23	    1110	0.0
    24	    1160	0.0
    25	    1210	0.0
    26	    1261	0.0
    27	    1309	0.0
    28	    1360	0.0
    29	    1409	0.0
    30	    1465	0.0
    31	    1510	0.0
    32	    1560	0.0
    33	    1609	0.0
    34	    1661	0.0
    35	    1710	1.0
    36	    1760	0.0
    37	    1810	0.0
    38	    1860	0.0
    39	    1910	0.0
    40	    1960	0.0
    41	    2009	0.0
    42	    2060	0.0
    43	    2110	0.0
    44	    2160	0.0
    45	    2211	0.0
    46	    2259	0.0
    47	    2310	0.0
    48	    2359	0.0
    49	    2410	0.0
    50	    2460	0.0
    51	    2510	0.0
    52	    2560	0.0
    53	    2611	0.0
    54	    2660	0.0
    55	    2710	0.0
    56	    2760	0.0
    57	    2810	0.0
    58	    2860	0.0
    59	    2911	0.0
    60	    2961	0.0
    61	    3010	0.0
    62	    3060	0.0
    63	    3109	0.0
    64	    3160	0.0
    65	    3210	0.0
    66	    3260	0.0
    67	    3310	0.0
    68	    3360	0.0
    69	    3410	0.0
    70	    3460	0.0
    71	    3509	0.0
    72	    3559	0.0
    73	    3610	0.0
    74	    3660	0.0
    75	    3711	0.0
    76	    3759	0.0
    77	    3810	0.0
    78	    3864	0.0
    79	    3910	0.0
    80	    3962	0.0
    81	    4010	0.0
    82	    4060	0.0
    83	    4110	0.0
    84	    4160	0.0
    85	    4211	0.0
    86	    4259	0.0
    87	    4310	0.0
    88	    4360	0.0
    89	    4410	0.0
    90	    4460	0.0
    91	    4510	0.0
    92	    4560	0.0
    93	    4610	0.0
    94	    4661	1.0
    95	    4710	0.0
    96	    4760	0.0
    97	    4809	0.0
    98	    4860	0.0
    99	    4910	0.0
   100	    4960	0.0
   101	    5011	0.0
   102	    5059	0.0
   103	    5110	0.0
   104	    5161	0.0
   105	    5210	0.0
   106	    5260	0.0
   107	    5310	1.0
   108	    5360	0.0
   109	    5410	0.0
   110	    5460	0.0
   111	    5510	0.0
   112	    5562	0.0
   113	    5610	0.0
   114	    5660	0.0
   115	    5710	0.0
   116	    5759	0.0
   117	    5809	0.0
   118	    5860	0.0
   119	    5910	0.0
   120	    5960	0.0
   121	    6010	0.0
   122	    6059	0.0
   123	    6110	0.0
   124	    6160	0.0
   125	    6210	0.0
   126	    6260	0.0
   127	    6310	0.0
   128	    6359	0.0
   129	    6410	0.0
   130	    6460	0.0
   131	    6511	0.0
   132	    6560	0.0
   133	    6611	0.0
   134	    6659	0.0
   135	    6710	0.0
   136	    6760	1.0
   137	    6809	0.0
   138	    6860	0.0
   139	    6911	0.0
   140	    6960	0.0
   141	    7040	0.0
   142	    7075	0.0
   143	    7118	0.0
   144	    7164	0.0
   145	    7213	0.0
   146	    7260	0.0
   147	    7310	0.0
   148	    7359	0.0
   149	    7410	0.0
   150	    7461	0.0
   151	    7510	0.0
   152	    7559	0.0
   153	    7611	0.0
   154	    7659	0.0
   155	    7710	0.0
   156	    7760	0.0
   157	    7809	0.0
   158	    7863	0.0
   159	    7910	0.0
   160	    7959	0.0
   161	    8009	0.0
   162	    8060	0.0
   163	    8109	0.0
   164	    8159	0.0
   165	    8211	0.0
   166	    8260	0.0
   167	    8309	0.0
   168	    8359	0.0
   169	    8409	0.0
   170	    8460	0.0
   171	    8509	0.0
   172	    8560	0.0
   173	    8610	0.0
   174	    8662	0.0
   175	    8711	0.0
   176	    8759	0.0
   177	    8809	0.0
   178	    8860	0.0
   179	    8909	0.0
   180	    8960	0.0
   181	    9009	0.0
   182	    9060	0.0
   183	    9110	0.0
   184	    9160	0.0
   185	    9212	0.0
   186	    9259	0.0
   187	    9310	0.0
   188	    9360	0.0
   189	    9411	0.0
   190	    9463	0.0
   191	    9510	0.0
   192	    9560	0.0
   193	    9610	0.0
   194	    9660	0.0
   195	    9710	0.0
   196	    9760	0.0
   197	    9810	0.0
   198	    9859	0.0
   199	    9910	0.0
   200	    9960	0.0
   201	   10010	0.0
   202	   10060	0.0
   203	   10110	0.0
   204	   10160	0.0
   205	   10211	0.0
   206	   10259	0.0
   207	   10309	0.0
   208	   10360	0.0
   209	   10410	0.0
   210	   10460	0.0
   211	   10509	0.0
   212	   10560	0.0
   213	   10610	0.0
   214	   10660	0.0
   215	   10709	0.0
   216	   10759	0.0
   217	   10809	0.0
   218	   10860	0.0
   219	   10910	0.0
   220	   10960	0.0
   221	   11009	0.0
   222	   11059	0.0
   223	   11109	0.0
   224	   11160	0.0
   225	   11210	0.0
   226	   11259	0.0
   227	   11310	0.0
   228	   11359	0.0
   229	   11409	0.0
   230	   11459	0.0
   231	   11512	0.0
   232	   11559	0.0
   233	   11610	0.0
   234	   11660	0.0
   235	   11709	0.0
   236	   11761	0.0
   237	   11810	0.0
   238	   11865	0.0
   239	   11909	0.0
   240	   11959	0.0
   241	   12010	0.0
   242	   12059	0.0
   243	   12110	0.0
   244	   12159	0.0
   245	   12210	0.0
   246	   12261	0.0
   247	   12310	0.0
   248	   12359	0.0
   249	   12410	0.0
   250	   12460	0.0
   251	   12512	0.0
   252	   12559	0.0
   253	   12610	0.0
   254	   12660	0.0
   255	   12710	0.0
   256	   12760	0.0
   257	   12809	0.0
   258	   12860	0.0
   259	   12909	0.0
   260	   12960	0.0
   261	   13009	0.0
   262	   13059	0.0
   263	   13110	0.0
   264	   13160	0.0
   265	   13210	0.0
   266	   13259	0.0
   267	   13309	1.0
   268	   13360	0.0
   269	   13409	0.0
   270	   13463	0.0
   271	   13509	0.0
   272	   13559	0.0
   273	   13610	0.0
   274	   13660	0.0
   275	   13709	0.0
   276	   13759	0.0
   277	   13809	0.0
   278	   13860	0.0
   279	   13910	0.0
   280	   13959	0.0
   281	   14009	0.0
   282	   14060	0.0
   283	   14110	0.0
   284	   14159	0.0
   285	   14211	0.0
   286	   14259	0.0
   287	   14309	0.0
   288	   14360	0.0
   289	   14410	0.0
   290	   14461	0.0
   291	   14510	0.0
   292	   14560	0.0
   293	   14610	0.0
   294	   14660	0.0
   295	   14710	0.0
   296	   14760	0.0
   297	   14809	0.0
   298	   14860	0.0
   299	   14909	0.0
   300	   14960	0.0
   301	   15009	0.0
   302	   15060	0.0
   303	   15110	0.0
   304	   15160	0.0
   305	   15211	0.0
   306	   15261	0.0
   307	   15309	1.0
   308	   15360	0.0
   309	   15410	0.0
   310	   15459	0.0
   311	   15510	0.0
   312	   15559	0.0
   313	   15610	0.0
   314	   15660	0.0
   315	   15710	0.0
   316	   15760	0.0
   317	   15810	0.0
   318	   15866	0.0
   319	   15910	0.0
   320	   15960	0.0
   321	   16010	0.0
   322	   16060	0.0
   323	   16110	0.0
   324	   16160	0.0
   325	   16210	0.0
   326	   16260	0.0
   327	   16310	0.0
   328	   16360	0.0
   329	   16410	0.0
   330	   16460	0.0
   331	   16510	0.0
   332	   16559	0.0
   333	   16610	0.0
   334	   16660	0.0
   335	   16710	0.0
   336	   16761	0.0
   337	   16809	0.0
   338	   16860	0.0
   339	   16910	0.0
   340	   16960	0.0
   341	   17011	0.0
   342	   17060	0.0
   343	   17110	0.0
   344	   17160	0.0
   345	   17210	0.0
   346	   17261	0.0
   347	   17310	0.0
   348	   17360	0.0
   349	   17410	0.0
   350	   17465	0.0
   351	   17510	0.0
   352	   17560	0.0
   353	   17610	0.0
   354	   17660	0.0
   355	   17710	0.0
   356	   17759	0.0
   357	   17811	0.0
   358	   17859	0.0
   359	   17909	0.0
   360	   17960	0.0
   361	   18010	0.0
   362	   18060	0.0
   363	   18109	0.0
   364	   18160	0.0
   365	   18209	0.0
   366	   18260	0.0
   367	   18310	0.0
   368	   18359	0.0
   369	   18410	0.0
   370	   18460	0.0
   371	   18511	0.0
   372	   18567	0.0
   373	   18612	0.0
   374	   18660	0.0
   375	   18710	0.0
   376	   18760	0.0
   377	   18809	0.0
   378	   18860	0.0
   379	   18910	0.0
   380	   18959	0.0
   381	   19010	0.0
   382	   19061	0.0
   383	   19109	0.0
   384	   19160	0.0
   385	   19210	0.0
   386	   19260	0.0
   387	   19310	0.0
   388	   19360	0.0
   389	   19410	0.0
   390	   19460	0.0
   391	   19510	0.0
   392	   19560	0.0
   393	   19610	0.0
   394	   19660	0.0
   395	   19710	0.0
   396	   19759	0.0
   397	   19810	0.0
   398	   19864	0.0
   399	   19909	0.0
   400	   19959	0.0
   401	   20010	0.0
   402	   20060	0.0
   403	   20110	0.0
   404	   20161	0.0
   405	   20210	0.0
   406	   20259	0.0
   407	   20310	1.0
   408	   20360	0.0
   409	   20410	0.0
   410	   20460	0.0
   411	   20510	0.0
   412	   20560	0.0
   413	   20610	0.0
   414	   20660	0.0
   415	   20710	0.0
   416	   20760	0.0
   417	   20812	0.0
   418	   20860	0.0
   419	   20910	0.0
   420	   20961	0.0
   421	   21010	0.0
   422	   21060	0.0
   423	   21109	0.0
   424	   21160	0.0
   425	   21210	0.0
   426	   21259	0.0
   427	   21311	0.0
   428	   21360	0.0
   429	   21410	0.0
   430	   21463	0.0
   431	   21509	0.0
   432	   21560	0.0
   433	   21610	0.0
   434	   21660	0.0
   435	   21710	0.0
   436	   21761	0.0
   437	   21810	0.0
   438	   21860	0.0
   439	   21910	0.0
   440	   21961	0.0
   441	   22010	0.0
   442	   22060	0.0
   443	   22110	0.0
   444	   22160	0.0
   445	   22215	0.0
   446	   22262	0.0
   447	   22311	0.0
   448	   22363	0.0
   449	   22412	0.0
   450	   22461	0.0
   451	   22512	0.0
   452	   22560	0.0
   453	   22611	0.0
   454	   22660	0.0
   455	   22710	0.0
   456	   22776	0.0
   457	   22813	0.0
   458	   22859	0.0
   459	   22910	1.0
   460	   22960	0.0
   461	   23009	0.0
   462	   23060	0.0
   463	   23110	0.0
   464	   23159	0.0
   465	   23210	0.0
   466	   23260	0.0
   467	   23309	0.0
   468	   23360	0.0
   469	   23410	0.0
   470	   23461	0.0
   471	   23509	0.0
   472	   23565	0.0
   473	   23611	0.0
   474	   23660	0.0
   475	   23709	0.0
   476	   23759	0.0
   477	   23809	0.0
   478	   23863	0.0
   479	   23910	0.0
   480	   23959	0.0
   481	   24010	0.0
   482	   24060	0.0
   483	   24110	0.0
   484	   24160	0.0
   485	   24210	0.0
   486	   24260	0.0
   487	   24310	0.0
   488	   24360	0.0
   489	   24410	0.0
   490	   24460	0.0
   491	   24510	0.0
   492	   24564	0.0
   493	   24610	0.0
   494	   24660	0.0
   495	   24709	0.0
   496	   24759	0.0
   497	   24809	0.0
   498	   24860	0.0
   499	   24909	0.0
   500	   24959	0.0
   501	   25010	0.0
   502	   25059	0.0
   503	   25110	0.0
   504	   25160	0.0
   505	   25211	0.0
   506	   25260	0.0
   507	   25310	0.0
   508	   25360	0.0
   509	   25410	0.0
   510	   25465	0.0
   511	   25510	0.0
   512	   25560	0.0
   513	   25610	0.0
   514	   25660	0.0
   515	   25798	0.0
   516	   25817	0.0
